100
756718628 777520155 813516619
4 1 5
330 882 311
513 513 512
120048244 886435823 382380594
928157610 846783008 986663764
796 911 685
801650792 90125051 520772480
103 143 88
112 986 26
928 385 202
5 1 4
759 671 654
221 281 127
222271508 88776946 407991092
828 885 759
686 789 1
2 4 1
528 279 345
5 2 3
5 4 4
2 3 2
971 5 2
1 1 1
469 577 135
513 513 257
216 721 100
47 553 11
1000 1000 1
298 546 715
957 540 373
770 408 5
512 512 1
71 812 48
5 2 2
355 19 342
314 650 262
512 512 513
428 551 180
118144501 925243728 132106172
846 895 859
7 8 5
435 85 14
485414989 634132564 623590721
486 317 295
666 600 447
829715753 603361958 849375017
718 24 23
892 216 622
684 679 151
512 512 2
513 513 2
772 106 68
4 5 2
416 62 49
513236908 401917802 745792806
836226858 953990710 913263716
5 3 3
836 9 888
755 118 118
3 4 3
536870911 536870911 536870910
4 5 5
3 4 2
512 512 256
648281271 133609344 938105746
4 4 4
1000000000 1000000000 1000000000
656242610 816928499 818253992
144 304 114
2 2 2
3 3 1
45 56 35
136560324 549033255 477500273
640 818 173
1 1 1000
588 155 118
4 1 1
3 2 1
980167488 558194116 647086561
573 460 48
147 740 931
788 934 490
218 996 132
784 442 822
216 323 67
328241707 169779893 253201204
411 367 424
3 1 3
513 513 1
2 1 1
4 4 5
534 203 966
114 97 29
61 99 4
536870911 536870911 536870911
513 513 256
5 3 2
512 512 257
2 5 1
