100
759 671 654
114 97 29
3 3 1
469 577 135
4 4 4
244 823 874
628 155 391
788 934 490
5 2 3
512 512 1
435 85 14
61 99 4
330 882 311
513 513 256
573 460 48
1 1 1000
5 2 2
7 8 5
513 513 1
488 116 841
513 513 512
892 216 622
314 650 262
3 4 2
512 512 2
686 789 1
486 317 295
772 106 68
513 513 257
4 1 1
144 304 114
588 155 118
610 499 597
5 3 3
271 344 550
644 42 27
512 512 256
971 5 2
2 4 1
684 679 151
707 893 988
411 367 424
928 385 202
528 279 345
1 1 1
1000 1000 1
957 540 373
513 513 2
324 255 300
792 51 130
147 740 931
989 564 925
3 2 1
846 895 859
512 512 257
512 512 513
796 911 685
755 118 118
4 5 5
218 996 132
908 802 895
770 408 5
103 143 88
45 56 35
718 24 23
5 1 4
534 203 966
794 386 160
355 19 342
216 721 100
2 2 2
71 812 48
221 281 127
416 62 49
784 442 822
501 728 672
640 818 173
3 4 3
836 9 888
642 350 130
428 551 180
4 5 2
3 1 3
4 4 5
2 1 1
666 600 447
5 3 2
5 4 4
298 546 715
4 1 5
216 323 67
610 8 826
47 553 11
753 958 984
858 710 888
112 986 26
2 3 2
828 885 759
2 5 1
508 946 605
